+------------+-----------+----------+---------+-------------+
| date       | tech_crew | security | support | total_staff |
+------------+-----------+----------+---------+-------------+
| 2018-07-23 |        40 |       22 |       9 |          71 |
| 2018-07-24 |        40 |       24 |      10 |          74 |
| 2019-06-15 |        40 |       35 |      14 |          89 |
| 2019-06-16 |        40 |       30 |      12 |          82 |
| 2019-06-17 |        20 |       25 |      10 |          55 |
| 2020-08-10 |        40 |       60 |      24 |         124 |
| 2020-08-11 |        40 |       45 |      18 |         103 |
| 2021-07-01 |        60 |       58 |      23 |         141 |
| 2021-07-02 |        40 |       50 |      20 |         110 |
| 2021-07-03 |        40 |       48 |      19 |         107 |
| 2022-06-20 |        40 |       40 |      16 |          96 |
| 2022-06-21 |        40 |       50 |      20 |         110 |
| 2023-08-15 |        40 |       29 |      12 |          81 |
| 2023-08-16 |        40 |       30 |      12 |          82 |
| 2024-07-01 |        40 |       55 |      22 |         117 |
| 2024-07-02 |        40 |       55 |      22 |         117 |
| 2024-07-03 |        40 |       50 |      20 |         110 |
| 2025-06-01 |        60 |       63 |      26 |         149 |
| 2025-06-02 |        60 |       63 |      26 |         149 |
| 2026-06-01 |        40 |       70 |      28 |         138 |
| 2026-06-02 |        40 |       55 |      22 |         117 |
| 2027-07-01 |        40 |       55 |      22 |         117 |
| 2027-07-02 |        60 |       60 |      24 |         144 |
| 2027-07-03 |        60 |       60 |      24 |         144 |
+------------+-----------+----------+---------+-------------+
